      Radius     |       Dichte
 ______________________________________
 
  1.0000E-02     |      0.9999833
  2.0000E-02     |      0.9999333
  3.0000E-02     |      0.9998500
  4.0000E-02     |      0.9997334
  5.0000E-02     |      0.9995834
  6.0000E-02     |      0.9994001
  7.0000E-02     |      0.9991835
  8.0000E-02     |      0.9989337
  9.0000E-02     |      0.9986505
  1.0000E-01     |      0.9983342
  1.1000E-01     |      0.9979846
  1.2000E-01     |      0.9976017
  1.3000E-01     |      0.9971857
  1.4000E-01     |      0.9967365
  1.5000E-01     |      0.9962542
  1.6000E-01     |      0.9957388
  1.7000E-01     |      0.9951903
  1.8000E-01     |      0.9946087
  1.9000E-01     |      0.9939942
  2.0000E-01     |      0.9933467
  2.1000E-01     |      0.9926662
  2.2000E-01     |      0.9919528
  2.3000E-01     |      0.9912066
  2.4000E-01     |      0.9904276
  2.5000E-01     |      0.9896158
  2.6000E-01     |      0.9887714
  2.7000E-01     |      0.9878942
  2.8000E-01     |      0.9869845
  2.9000E-01     |      0.9860422
  3.0000E-01     |      0.9850674
  3.1000E-01     |      0.9840601
  3.2000E-01     |      0.9830205
  3.3000E-01     |      0.9819486
  3.4000E-01     |      0.9808444
  3.5000E-01     |      0.9797080
  3.6000E-01     |      0.9785395
  3.7000E-01     |      0.9773390
  3.8000E-01     |      0.9761065
  3.9000E-01     |      0.9748421
  4.0000E-01     |      0.9735459
  4.1000E-01     |      0.9722179
  4.2000E-01     |      0.9708582
  4.3000E-01     |      0.9694670
  4.4000E-01     |      0.9680442
  4.5000E-01     |      0.9665901
  4.6000E-01     |      0.9651046
  4.7000E-01     |      0.9635878
  4.8000E-01     |      0.9620399
  4.9000E-01     |      0.9604610
  5.0000E-01     |      0.9588511
  5.1000E-01     |      0.9572103
  5.2000E-01     |      0.9555387
  5.3000E-01     |      0.9538365
  5.4000E-01     |      0.9521037
  5.5000E-01     |      0.9503404
  5.6000E-01     |      0.9485468
  5.7000E-01     |      0.9467229
  5.8000E-01     |      0.9448689
  5.9000E-01     |      0.9429848
  6.0000E-01     |      0.9410708
  6.1000E-01     |      0.9391270
  6.2000E-01     |      0.9371535
  6.3000E-01     |      0.9351504
  6.4000E-01     |      0.9331179
  6.5000E-01     |      0.9310560
  6.6000E-01     |      0.9289649
  6.7000E-01     |      0.9268448
  6.8000E-01     |      0.9246956
  6.9000E-01     |      0.9225177
  7.0000E-01     |      0.9203110
  7.1000E-01     |      0.9180757
  7.2000E-01     |      0.9158120
  7.3000E-01     |      0.9135200
  7.4000E-01     |      0.9111999
  7.5000E-01     |      0.9088517
  7.6000E-01     |      0.9064756
  7.7000E-01     |      0.9040717
  7.8000E-01     |      0.9016403
  7.9000E-01     |      0.8991814
  8.0000E-01     |      0.8966951
  8.1000E-01     |      0.8941817
  8.2000E-01     |      0.8916413
  8.3000E-01     |      0.8890739
  8.4000E-01     |      0.8864799
  8.5000E-01     |      0.8838593
  8.6000E-01     |      0.8812123
  8.7000E-01     |      0.8785390
  8.8000E-01     |      0.8758396
  8.9000E-01     |      0.8731143
  9.0000E-01     |      0.8703632
  9.1000E-01     |      0.8675865
  9.2000E-01     |      0.8647844
  9.3000E-01     |      0.8619569
  9.4000E-01     |      0.8591044
  9.5000E-01     |      0.8562268
  9.6000E-01     |      0.8533246
  9.7000E-01     |      0.8503976
  9.8000E-01     |      0.8474463
  9.9000E-01     |      0.8444707
  1.0000E+00     |      0.8414710
  1.0100E+00     |      0.8384474
  1.0200E+00     |      0.8354000
  1.0300E+00     |      0.8323291
  1.0400E+00     |      0.8292348
  1.0500E+00     |      0.8261174
  1.0600E+00     |      0.8229769
  1.0700E+00     |      0.8198136
  1.0800E+00     |      0.8166276
  1.0900E+00     |      0.8134192
  1.1000E+00     |      0.8101885
  1.1100E+00     |      0.8069358
  1.1200E+00     |      0.8036611
  1.1300E+00     |      0.8003648
  1.1400E+00     |      0.7970469
  1.1500E+00     |      0.7937078
  1.1600E+00     |      0.7903475
  1.1700E+00     |      0.7869663
  1.1800E+00     |      0.7835644
  1.1900E+00     |      0.7801420
  1.2000E+00     |      0.7766992
  1.2100E+00     |      0.7732364
  1.2200E+00     |      0.7697536
  1.2300E+00     |      0.7662511
  1.2400E+00     |      0.7627290
  1.2500E+00     |      0.7591877
  1.2600E+00     |      0.7556273
  1.2700E+00     |      0.7520479
  1.2800E+00     |      0.7484499
  1.2900E+00     |      0.7448334
  1.3000E+00     |      0.7411986
  1.3100E+00     |      0.7375458
  1.3200E+00     |      0.7338751
  1.3300E+00     |      0.7301868
  1.3400E+00     |      0.7264810
  1.3500E+00     |      0.7227580
  1.3600E+00     |      0.7190181
  1.3700E+00     |      0.7152614
  1.3800E+00     |      0.7114881
  1.3900E+00     |      0.7076984
  1.4000E+00     |      0.7038927
  1.4100E+00     |      0.7000710
  1.4200E+00     |      0.6962336
  1.4300E+00     |      0.6923808
  1.4400E+00     |      0.6885127
  1.4500E+00     |      0.6846296
  1.4600E+00     |      0.6807318
  1.4700E+00     |      0.6768193
  1.4800E+00     |      0.6728925
  1.4900E+00     |      0.6689515
  1.5000E+00     |      0.6649967
  1.5100E+00     |      0.6610281
  1.5200E+00     |      0.6570461
  1.5300E+00     |      0.6530509
  1.5400E+00     |      0.6490427
  1.5500E+00     |      0.6450218
  1.5600E+00     |      0.6409883
  1.5700E+00     |      0.6369425
  1.5800E+00     |      0.6328846
  1.5900E+00     |      0.6288149
  1.6000E+00     |      0.6247335
  1.6100E+00     |      0.6206408
  1.6200E+00     |      0.6165369
  1.6300E+00     |      0.6124221
  1.6400E+00     |      0.6082966
  1.6500E+00     |      0.6041606
  1.6600E+00     |      0.6000145
  1.6700E+00     |      0.5958583
  1.6800E+00     |      0.5916924
  1.6900E+00     |      0.5875170
  1.7000E+00     |      0.5833322
  1.7100E+00     |      0.5791385
  1.7200E+00     |      0.5749359
  1.7300E+00     |      0.5707248
  1.7400E+00     |      0.5665053
  1.7500E+00     |      0.5622777
  1.7600E+00     |      0.5580422
  1.7700E+00     |      0.5537991
  1.7800E+00     |      0.5495487
  1.7900E+00     |      0.5452910
  1.8000E+00     |      0.5410265
  1.8100E+00     |      0.5367552
  1.8200E+00     |      0.5324775
  1.8300E+00     |      0.5281937
  1.8400E+00     |      0.5239038
  1.8500E+00     |      0.5196082
  1.8600E+00     |      0.5153071
  1.8700E+00     |      0.5110008
  1.8800E+00     |      0.5066895
  1.8900E+00     |      0.5023733
  1.9000E+00     |      0.4980527
  1.9100E+00     |      0.4937277
  1.9200E+00     |      0.4893987
  1.9300E+00     |      0.4850658
  1.9400E+00     |      0.4807294
  1.9500E+00     |      0.4763896
  1.9600E+00     |      0.4720467
  1.9700E+00     |      0.4677009
  1.9800E+00     |      0.4633525
  1.9900E+00     |      0.4590017
  2.0000E+00     |      0.4546487
  2.0100E+00     |      0.4502938
  2.0200E+00     |      0.4459372
  2.0300E+00     |      0.4415792
  2.0400E+00     |      0.4372199
  2.0500E+00     |      0.4328597
  2.0600E+00     |      0.4284987
  2.0700E+00     |      0.4241372
  2.0800E+00     |      0.4197755
  2.0900E+00     |      0.4154137
  2.1000E+00     |      0.4110521
  2.1100E+00     |      0.4066909
  2.1200E+00     |      0.4023304
  2.1300E+00     |      0.3979708
  2.1400E+00     |      0.3936124
  2.1500E+00     |      0.3892553
  2.1600E+00     |      0.3848998
  2.1700E+00     |      0.3805461
  2.1800E+00     |      0.3761945
  2.1900E+00     |      0.3718452
  2.2000E+00     |      0.3674984
  2.2100E+00     |      0.3631543
  2.2200E+00     |      0.3588133
  2.2300E+00     |      0.3544754
  2.2400E+00     |      0.3501410
  2.2500E+00     |      0.3458103
  2.2600E+00     |      0.3414835
  2.2700E+00     |      0.3371608
  2.2800E+00     |      0.3328424
  2.2900E+00     |      0.3285286
  2.3000E+00     |      0.3242197
  2.3100E+00     |      0.3199157
  2.3200E+00     |      0.3156170
  2.3300E+00     |      0.3113238
  2.3400E+00     |      0.3070362
  2.3500E+00     |      0.3027546
  2.3600E+00     |      0.2984791
  2.3700E+00     |      0.2942100
  2.3800E+00     |      0.2899475
  2.3900E+00     |      0.2856917
  2.4000E+00     |      0.2814430
  2.4100E+00     |      0.2772015
  2.4200E+00     |      0.2729674
  2.4300E+00     |      0.2687411
  2.4400E+00     |      0.2645225
  2.4500E+00     |      0.2603121
  2.4600E+00     |      0.2561100
  2.4700E+00     |      0.2519164
  2.4800E+00     |      0.2477316
  2.4900E+00     |      0.2435556
  2.5000E+00     |      0.2393889
  2.5100E+00     |      0.2352314
  2.5200E+00     |      0.2310836
  2.5300E+00     |      0.2269455
  2.5400E+00     |      0.2228174
  2.5500E+00     |      0.2186995
  2.5600E+00     |      0.2145920
  2.5700E+00     |      0.2104950
  2.5800E+00     |      0.2064089
  2.5900E+00     |      0.2023337
  2.6000E+00     |      0.1982698
  2.6100E+00     |      0.1942172
  2.6200E+00     |      0.1901762
  2.6300E+00     |      0.1861470
  2.6400E+00     |      0.1821298
  2.6500E+00     |      0.1781247
  2.6600E+00     |      0.1741321
  2.6700E+00     |      0.1701519
  2.6800E+00     |      0.1661846
  2.6900E+00     |      0.1622301
  2.7000E+00     |      0.1582888
  2.7100E+00     |      0.1543609
  2.7200E+00     |      0.1504464
  2.7300E+00     |      0.1465456
  2.7400E+00     |      0.1426587
  2.7500E+00     |      0.1387858
  2.7600E+00     |      0.1349272
  2.7700E+00     |      0.1310830
  2.7800E+00     |      0.1272534
  2.7900E+00     |      0.1234385
  2.8000E+00     |      0.1196386
  2.8100E+00     |      0.1158539
  2.8200E+00     |      0.1120844
  2.8300E+00     |      0.1083304
  2.8400E+00     |      0.1045920
  2.8500E+00     |      0.1008695
  2.8600E+00     |      0.0971629
  2.8700E+00     |      0.0934725
  2.8800E+00     |      0.0897984
  2.8900E+00     |      0.0861408
  2.9000E+00     |      0.0824998
  2.9100E+00     |      0.0788756
  2.9200E+00     |      0.0752684
  2.9300E+00     |      0.0716783
  2.9400E+00     |      0.0681054
  2.9500E+00     |      0.0645500
  2.9600E+00     |      0.0610123
  2.9700E+00     |      0.0574922
  2.9800E+00     |      0.0539900
  2.9900E+00     |      0.0505059
  3.0000E+00     |      0.0470400
  3.0100E+00     |      0.0435924
  3.0200E+00     |      0.0401633
  3.0300E+00     |      0.0367529
  3.0400E+00     |      0.0333612
  3.0500E+00     |      0.0299884
  3.0600E+00     |      0.0266347
  3.0700E+00     |      0.0233002
  3.0800E+00     |      0.0199850
  3.0900E+00     |      0.0166892
  3.1000E+00     |      0.0134131
  3.1100E+00     |      0.0101567
  3.1200E+00     |      0.0069202
  3.1300E+00     |      0.0037036
  3.1400E+00     |      0.0005072
