 Startwert=           2.00000000000
            0          2.00000000000              2.10200194990
            1          2.10200194990              2.19197622573
            2          2.19197622573              2.27234346585
            3          2.27234346585              2.34485468148
            4          2.34485468148              2.41081914796
            5          2.41081914796              2.47124243031
            6          2.47124243031              2.52691413469
            7          2.52691413469              2.57846595371
            8          2.57846595371              2.62641135234
            9          2.62641135234              2.67117347276
           10          2.67117347276              2.71310523341
           11          2.71310523341              2.75250411188
           12          2.75250411188              2.78962321931
           13          2.78962321931              2.82467973230
           14          2.82467973230              2.85786140676
           15          2.85786140676              2.88933167560
           16          2.88933167560              2.91923368533
           17          2.91923368533              2.94769352664
           18          2.94769352664              2.97482284500
           19          2.97482284500              3.00072096917
           20          3.00072096917              3.02547666078
           21          3.02547666078              3.04916956335
           22          3.04916956335              3.07187141073
           23          3.07187141073              3.09364704146
           24          3.09364704146              3.11455525531
           25          3.11455525531              3.13464954063
           26          3.13464954063              3.15397869531
           27          3.15397869531              3.17258735941
           28          3.17258735941              3.19051647418
           29          3.19051647418              3.20780367944
           30          3.20780367944              3.22448365888
           31          3.22448365888              3.24058844132
           32          3.24058844132              3.25614766463
           33          3.25614766463              3.27118880743
           34          3.27118880743              3.28573739359
           35          3.28573739359              3.29981717289
           36          3.29981717289              3.31345028136
           37          3.31345028136              3.32665738391
           38          3.32665738391              3.33945780144
           39          3.33945780144              3.35186962464
           40          3.35186962464              3.36390981589
           41          3.36390981589              3.37559430086
           42          3.37559430086              3.38693805099
           43          3.38693805099              3.39795515796
           44          3.39795515796              3.40865890097
           45          3.40865890097              3.41906180775
           46          3.41906180775              3.42917570996
           47          3.42917570996              3.43901179353
           48          3.43901179353              3.44858064460
           49          3.44858064460              3.45789229135
           50          3.45789229135              3.46695624236
           51          3.46695624236              3.47578152164
           52          3.47578152164              3.48437670079
           53          3.48437670079              3.49274992853
           54          3.49274992853              3.50090895788
           55          3.50090895788              3.50886117117
           56          3.50886117117              3.51661360312
           57          3.51661360312              3.52417296212
           58          3.52417296212              3.53154564994
           59          3.53154564994              3.53873777997
           60          3.53873777997              3.54575519412
           61          3.54575519412              3.55260347849
           62          3.55260347849              3.55928797793
           63          3.55928797793              3.56581380959
           64          3.56581380959              3.57218587553
           65          3.57218587553              3.57840887446
           66          3.57840887446              3.58448731267
           67          3.58448731267              3.59042551431
           68          3.59042551431              3.59622763089
           69          3.59622763089              3.60189765027
           70          3.60189765027              3.60743940498
           71          3.60743940498              3.61285658010
           72          3.61285658010              3.61815272057
           73          3.61815272057              3.62333123814
           74          3.62333123814              3.62839541779
           75          3.62839541779              3.63334842388
           76          3.63334842388              3.63819330582
           77          3.63819330582              3.64293300354
           78          3.64293300354              3.64757035247
           79          3.64757035247              3.65210808843
           80          3.65210808843              3.65654885207
           81          3.65654885207              3.66089519319
           82          3.66089519319              3.66514957475
           83          3.66514957475              3.66931437665
           84          3.66931437665              3.67339189938
           85          3.67339189938              3.67738436739
           86          3.67738436739              3.68129393236
           87          3.68129393236              3.68512267619
           88          3.68512267619              3.68887261399
           89          3.68887261399              3.69254569675
           90          3.69254569675              3.69614381400
           91          3.69614381400              3.69966879626
           92          3.69966879626              3.70312241742
           93          3.70312241742              3.70650639697
           94          3.70650639697              3.70982240212
           95          3.70982240212              3.71307204983
           96          3.71307204983              3.71625690877
           97          3.71625690877              3.71937850110
           98          3.71937850110              3.72243830427
           99          3.72243830427              3.72543775268
          100          3.72543775268              3.72837823926
          101          3.72837823926              3.73126111700
          102          3.73126111700              3.73408770039
          103          3.73408770039              3.73685926682
          104          3.73685926682              3.73957705791
          105          3.73957705791              3.74224228074
          106          3.74224228074              3.74485610910
          107          3.74485610910              3.74741968465
          108          3.74741968465              3.74993411796
          109          3.74993411796              3.75240048969
          110          3.75240048969              3.75481985148
          111          3.75481985148              3.75719322701
          112          3.75719322701              3.75952161291
          113          3.75952161291              3.76180597965
          114          3.76180597965              3.76404727237
          115          3.76404727237              3.76624641177
          116          3.76624641177              3.76840429484
          117          3.76840429484              3.77052179566
          118          3.77052179566              3.77259976610
          119          3.77259976610              3.77463903652
          120          3.77463903652              3.77664041648
          121          3.77664041648              3.77860469535
          122          3.77860469535              3.78053264294
          123          3.78053264294              3.78242501011
          124          3.78242501011              3.78428252934
          125          3.78428252934              3.78610591527
          126          3.78610591527              3.78789586526
          127          3.78789586526              3.78965305991
          128          3.78965305991              3.79137816350
          129          3.79137816350              3.79307182453
          130          3.79307182453              3.79473467615
          131          3.79473467615              3.79636733661
          132          3.79636733661              3.79797040969
          133          3.79797040969              3.79954448511
          134          3.79954448511              3.80109013893
          135          3.80109013893              3.80260793392
          136          3.80260793392              3.80409841997
          137          3.80409841997              3.80556213440
          138          3.80556213440              3.80699960236
          139          3.80699960236              3.80841133710
          140          3.80841133710              3.80979784035
          141          3.80979784035              3.81115960262
          142          3.81115960262              3.81249710347
          143          3.81249710347              3.81381081184
          144          3.81381081184              3.81510118632
          145          3.81510118632              3.81636867543
          146          3.81636867543              3.81761371785
          147          3.81761371785              3.81883674274
          148          3.81883674274              3.82003816993
          149          3.82003816993              3.82121841018
          150          3.82121841018              3.82237786544
          151          3.82237786544              3.82351692903
          152          3.82351692903              3.82463598589
          153          3.82463598589              3.82573541277
          154          3.82573541277              3.82681557847
          155          3.82681557847              3.82787684399
          156          3.82787684399              3.82891956277
          157          3.82891956277              3.82994408084
          158          3.82994408084              3.83095073704
          159          3.83095073704              3.83193986315
          160          3.83193986315              3.83291178411
          161          3.83291178411              3.83386681815
          162          3.83386681815              3.83480527696
          163          3.83480527696              3.83572746586
          164          3.83572746586              3.83663368393
          165          3.83663368393              3.83752422418
          166          3.83752422418              3.83839937368
          167          3.83839937368              3.83925941370
          168          3.83925941370              3.84010461986
          169          3.84010461986              3.84093526224
          170          3.84093526224              3.84175160551
          171          3.84175160551              3.84255390908
          172          3.84255390908              3.84334242720
          173          3.84334242720              3.84411740907
          174          3.84411740907              3.84487909898
          175          3.84487909898              3.84562773640
          176          3.84562773640              3.84636355609
          177          3.84636355609              3.84708678824
          178          3.84708678824              3.84779765851
          179          3.84779765851              3.84849638818
          180          3.84849638818              3.84918319424
          181          3.84918319424              3.84985828946
          182          3.84985828946              3.85052188251
          183          3.85052188251              3.85117417804
          184          3.85117417804              3.85181537675
          185          3.85181537675              3.85244567553
          186          3.85244567553              3.85306526746
          187          3.85306526746              3.85367434196
          188          3.85367434196              3.85427308486
          189          3.85427308486              3.85486167843
          190          3.85486167843              3.85544030152
          191          3.85544030152              3.85600912957
          192          3.85600912957              3.85656833474
          193          3.85656833474              3.85711808594
          194          3.85711808594              3.85765854890
          195          3.85765854890              3.85818988628
          196          3.85818988628              3.85871225766
          197          3.85871225766              3.85922581968
          198          3.85922581968              3.85973072603
          199          3.85973072603              3.86022712759
          200          3.86022712759              3.86071517240
          201          3.86071517240              3.86119500581
          202          3.86119500581              3.86166677044
          203          3.86166677044              3.86213060631
          204          3.86213060631              3.86258665086
          205          3.86258665086              3.86303503902
          206          3.86303503902              3.86347590324
          207          3.86347590324              3.86390937353
          208          3.86390937353              3.86433557757
          209          3.86433557757              3.86475464067
          210          3.86475464067              3.86516668589
          211          3.86516668589              3.86557183404
          212          3.86557183404              3.86597020377
          213          3.86597020377              3.86636191154
          214          3.86636191154              3.86674707175
          215          3.86674707175              3.86712579670
          216          3.86712579670              3.86749819670
          217          3.86749819670              3.86786438006
          218          3.86786438006              3.86822445315
          219          3.86822445315              3.86857852043
          220          3.86857852043              3.86892668450
          221          3.86892668450              3.86926904612
          222          3.86926904612              3.86960570427
          223          3.86960570427              3.86993675613
          224          3.86993675613              3.87026229720
          225          3.87026229720              3.87058242123
          226          3.87058242123              3.87089722036
          227          3.87089722036              3.87120678507
          228          3.87120678507              3.87151120424
          229          3.87151120424              3.87181056518
          230          3.87181056518              3.87210495366
          231          3.87210495366              3.87239445396
          232          3.87239445396              3.87267914884
          233          3.87267914884              3.87295911964
          234          3.87295911964              3.87323444625
          235          3.87323444625              3.87350520716
          236          3.87350520716              3.87377147950
          237          3.87377147950              3.87403333904
          238          3.87403333904              3.87429086022
          239          3.87429086022              3.87454411621
          240          3.87454411621              3.87479317886
          241          3.87479317886              3.87503811881
          242          3.87503811881              3.87527900545
          243          3.87527900545              3.87551590697
          244          3.87551590697              3.87574889036
          245          3.87574889036              3.87597802149
          246          3.87597802149              3.87620336503
          247          3.87620336503              3.87642498459
          248          3.87642498459              3.87664294264
          249          3.87664294264              3.87685730059
          250          3.87685730059              3.87706811877
          251          3.87706811877              3.87727545650
          252          3.87727545650              3.87747937206
          253          3.87747937206              3.87767992273
          254          3.87767992273              3.87787716481
          255          3.87787716481              3.87807115361
          256          3.87807115361              3.87826194352
          257          3.87826194352              3.87844958799
          258          3.87844958799              3.87863413955
          259          3.87863413955              3.87881564982
          260          3.87881564982              3.87899416957
          261          3.87899416957              3.87916974865
          262          3.87916974865              3.87934243612
          263          3.87934243612              3.87951228015
          264          3.87951228015              3.87967932812
          265          3.87967932812              3.87984362658
          266          3.87984362658              3.88000522133
          267          3.88000522133              3.88016415733
          268          3.88016415733              3.88032047882
          269          3.88032047882              3.88047422928
          270          3.88047422928              3.88062545144
          271          3.88062545144              3.88077418732
          272          3.88077418732              3.88092047820
          273          3.88092047820              3.88106436471
          274          3.88106436471              3.88120588674
          275          3.88120588674              3.88134508353
          276          3.88134508353              3.88148199366
          277          3.88148199366              3.88161665504
          278          3.88161665504              3.88174910497
          279          3.88174910497              3.88187938009
          280          3.88187938009              3.88200751643
          281          3.88200751643              3.88213354942
          282          3.88213354942              3.88225751390
          283          3.88225751390              3.88237944409
          284          3.88237944409              3.88249937367
          285          3.88249937367              3.88261733574
          286          3.88261733574              3.88273336284
          287          3.88273336284              3.88284748697
          288          3.88284748697              3.88295973958
          289          3.88295973958              3.88307015161
          290          3.88307015161              3.88317875346
          291          3.88317875346              3.88328557505
          292          3.88328557505              3.88339064576
          293          3.88339064576              3.88349399452
          294          3.88349399452              3.88359564973
